223  013193067002113193137193239011113023 .037157007"139 041 019071011139,227 131113 002113083179037139193"163 071097193"223149193181 197137211 011047181137071071 
 007223139003002223043  227139197.061227223071053101
137071199002061  223019 167061037 
223083137163097227, 071 103239002047193163167002157199173011 139 007,.037,011167061067.     163137137163011 163071113197019227 002.197023023083223197193"071 197037061139113  002193041029  "071223.  011179  223179229103229197067013,197 239173 197223071199  037 149 137 167  229 149 043.179 019239  019179197047211 179197029  047193067 043     071223019043239083 097 179011 163227137013  197011139167011 083 
223071179   211 071.   157 197019 "  113223163 
",.173071043163067139 163083149071061181002029   149167.067007083011037193 047023 011019223067047023 179239233 167067163047   197 139 167
 019 067061 167 023071002" 011  179   011  011 011083037149149193 163079223019181 047011227011  139 067043223  137 
 137011223193002019179139071097071011139239083 019097179 011179047? 047233.002019157149011227193 173043223  197137239031011. 043053023181011137199043 239127.047137047047 167163131239199.031181047007 002 047071023003113  239071163 003173 071019043.193193002043 197011103007023149 019"139  199179005047227 
007 ,223179223002 002?'179103083223 107023 167   011"031023002  043019163067179007223043 233137137157 
223005   013 137005011163073
043197 067 223002223149139019223113 113 013239 083197167. 007181023163067113 223163071 071163167223227083007227139023 139
163239067 011. 007179 113229071 083.239011137 239"023107013"193  017 179 197002 019083113003023167131002071227239167007 107  071193223007002043193193173007019007167002071193053157019223 197211  227
223002071211007 .113223007067,,007163 011 047239227139 002011002 071 002193 019. ,003023 041223 131023,223139083 037223029?181.  
 ,227193107011 113'002.239 131 
083 139073239011 163 163137139223  167   023047149239,  137023002  011 137071007227 041. 002.023 071,179